0 
0 
0 
0 0 0 0 0 0 0 0 0 0 0 0 0 0 0 0 0 0 0 0 0 0 0 0 0 0 0 0 0 0 0 0 0 0 0 0 0 0 0 0 0 0 7 0 0 0 0 0 0 7 
0 
0 
0 
0 0 0 0 0 0 0 0 0 0 0 0 0 0 0 0 0 7 0 0 7 0 0 0 0 0 0 0 0 0 0 0 0 0 0 0 0 0 0 0 0 0 7 0 0 0 0 0 0 7 
0 0 0 0 0 0 0 0 0 0 0 0 0 0 0 0 0 0 0 0 0 0 0 0 0 0 0 0 0 0 0 0 0 0 0 0 0 0 0 0 0 0 0 0 0 0 0 0 0 19 0 0 0 0 0 0 0 0 0 0 0 0 0 0 0 0 0 0 0 0 0 0 0 3 
0 
0 
0 0 0 0 0 0 0 0 0 0 0 0 0 0 0 0 0 0 0 0 0 0 0 0 0 0 0 0 0 0 0 0 0 0 0 0 0 0 0 0 0 0 7 0 0 0 0 0 0 19 
0 0 0 0 0 0 0 0 0 0 0 0 0 0 0 0 0 0 0 5 7 0 0 7 0 0 0 0 0 0 7 0 0 7 0 0 0 0 0 0 0 0 5 0 0 0 0 0 0 0 0 0 0 0 0 0 0 0 0 0 0 0 0 0 0 0 0 0 3 
0 0 0 0 3 0 0 0 0 0 0 0 0 0 0 6 0 0 0 0 0 0 0 0 0 0 0 0 0 0 0 0 0 0 0 0 0 0 0 5 
0 
3 0 0 0 0 0 0 0 0 3 0 0 0 0 0 0 0 7 0 0 7 0 0 7 0 0 0 0 0 0 7 0 0 7 0 0 0 0 0 7 0 0 7 0 0 0 0 0 0 7 0 0 0 0 0 0 0 0 3 0 0 0 0 0 0 0 0 0 0 0 0 0 0 0 0 3 
0 0 0 0 0 0 0 0 0 0 0 0 0 0 0 0 0 0 6 12 0 0 0 0 0 0 0 0 0 0 0 0 0 0 0 0 0 0 0 0 0 0 0 0 0 6 
0 0 0 0 0 0 0 0 0 0 0 0 0 0 0 0 0 0 0 0 0 0 0 19 
0 
0 0 0 0 0 0 0 0 0 0 0 0 0 0 0 0 0 7 0 0 7 0 0 7 0 0 0 0 0 0 7 0 0 7 0 0 0 0 17 7 0 0 7 0 0 0 0 0 0 7 
0 
0 0 0 0 0 0 0 0 0 0 0 0 0 0 0 0 0 0 0 0 0 0 0 0 0 0 8 0 0 0 0 0 0 0 6 0 19 10 
0 
