0 
0 
0 
0 0 0 0 0 0 0 0 0 0 0 0 0 0 0 0 0 0 0 0 0 0 5 0 16 0 0 0 9 0 10 0 14 0 14 14 0 14 14 14 19 14 
0 0 0 0 0 0 0 0 0 0 0 0 0 0 0 6 
0 
0 0 0 0 0 0 0 0 0 0 0 0 0 0 0 0 0 0 0 0 0 0 0 0 0 0 0 0 0 0 0 0 0 0 0 0 0 10 
0 0 0 0 0 0 0 0 0 0 0 0 0 0 0 10 
0 
0 
0 0 0 0 0 0 0 0 0 0 0 0 0 0 0 0 0 0 0 9 
0 
0 
0 0 0 0 0 0 0 0 0 0 0 0 0 0 0 0 0 0 0 0 0 0 0 0 0 0 0 5 
0 0 0 0 0 0 0 0 0 0 0 0 0 0 0 0 0 0 0 0 0 0 0 0 0 0 0 0 0 0 0 0 0 0 0 0 4 
0 
0 0 0 0 0 0 0 0 0 0 0 0 0 0 0 0 0 0 0 4 
0 
0 
0 
0 
0 0 0 0 0 0 0 0 0 0 0 0 0 0 0 10 0 0 0 0 0 0 0 0 0 0 0 0 0 0 0 0 0 0 19 0 19 0 0 0 0 0 0 0 0 0 0 0 9 
0 
