150 900 13864 1096 1 0 170 203 255
150 1580 8733 940 2 1 36 62 104
106 600 18266 103 1 0 67 119 204
120 2735 9498 1119 1 0 158 195 255
242 2940 9760 1258 2 1 24 49 89
150 1660 1879 300 0 0 38 71 124
250 3541 11639 264 2 0 49 70 104
200 2940 9000 227 2 0 52 62 150
242 2940 9497 2138 1 0 135 206 250
240 2935 9463 3060 1 0 94 135 145
150 3010 92 484 1 1 88 108 140
290 65 7547 148 2 0 0 29 76
100 100 16560 2651 2 0 55 74 104
243 2935 7065 1117 0 1 64 64 64
150 2350 105 1190 2 0 0 38 99
150 2940 180 180 0 1 126 130 170
244 2940 9419 579 1 0 155 180 219
150 2000 25424 2143 0 1 65 79 102
150 1120 4800 1328 0 0 27 56 102